6
0 2 3 2 4 2 5 1 7 4 8 1
3
1 3 8 2 6 1
100
1 1 2 2 3 3 4 4 5 5 6 6 7 7 8 8 9 9 10 10 11 11 12 12 13 13 14 14 15 15 16 16 17 17 18 18 19 19 20 20 21 21 22 22 23 23 24 24 25 25 26 26 27 27 28 28 29 29 30 30 31 31 32 32 33 33 34 34 35 35 36 36 37 37 38 38 39 39 40 40 41 41 42 42 43 43 44 44 45 45 46 46 47 47 48 48 49 49 50 50 51 51 52 52 53 53 54 54 55 55 56 56 57 57 58 58 59 59 60 60 61 61 62 62 63 63 64 64 65 65 66 66 67 67 68 68 69 69 70 70 71 71 72 72 73 73 74 74 75 75 76 76 77 77 78 78 79 79 80 80 81 81 82 82 83 83 84 84 85 85 86 86 87 87 88 88 89 89 90 90 91 91 92 92 93 93 94 94 95 95 96 96 97 97 98 98 99 99 100 100
100
1 1 2 1 3 1 4 1 5 1 6 1 7 1 8 1 9 1 10 1 11 1 12 1 13 1 14 1 15 1 16 1 17 1 18 1 19 1 20 1 21 1 22 1 23 1 24 1 25 1 26 1 27 1 28 1 29 1 30 1 31 1 32 1 33 1 34 1 35 1 36 1 37 1 38 1 39 1 40 1 41 1 42 1 43 1 44 1 45 1 46 1 47 1 48 1 49 1 50 1 51 1 52 1 53 1 54 1 55 1 56 1 57 1 58 1 59 1 60 1 61 1 62 1 63 1 64 1 65 1 66 1 67 1 68 1 69 1 70 1 71 1 72 1 73 1 74 1 75 1 76 1 77 1 78 1 79 1 80 1 81 1 82 1 83 1 84 1 85 1 86 1 87 1 88 1 89 1 90 1 91 1 92 1 93 1 94 1 95 1 96 1 97 1 98 1 99 1 100 1
100
1 2 2 2 3 2 4 2 5 2 6 2 7 2 8 2 9 2 10 2 11 2 12 2 13 2 14 2 15 2 16 2 17 2 18 2 19 2 20 2 21 2 22 2 23 2 24 2 25 2 26 2 27 2 28 2 29 2 30 2 31 2 32 2 33 2 34 2 35 2 36 2 37 2 38 2 39 2 40 2 41 2 42 2 43 2 44 2 45 2 46 2 47 2 48 2 49 2 50 2 51 2 52 2 53 2 54 2 55 2 56 2 57 2 58 2 59 2 60 2 61 2 62 2 63 2 64 2 65 2 66 2 67 2 68 2 69 2 70 2 71 2 72 2 73 2 74 2 75 2 76 2 77 2 78 2 79 2 80 2 81 2 82 2 83 2 84 2 85 2 86 2 87 2 88 2 89 2 90 2 91 2 92 2 93 2 94 2 95 2 96 2 97 2 98 2 99 2 100 2
100
1 2 2 2 3 2 4 2 5 2 6 2 7 2 8 2 9 2 10 2 11 2 12 2 13 2 14 2 15 2 16 2 17 2 18 2 19 2 20 2 21 2 22 2 23 2 24 2 25 2 26 2 27 2 28 2 29 2 30 2 31 2 32 1 33 2 34 2 35 2 36 2 37 2 38 2 39 2 40 2 41 2 42 2 43 2 44 2 45 2 46 2 47 2 48 2 49 2 50 2 51 2 52 2 53 2 54 2 55 2 56 2 57 2 58 2 59 2 60 2 61 2 62 2 63 2 64 2 65 2 66 2 67 2 68 2 69 2 70 2 71 2 72 2 73 2 74 2 75 2 76 2 77 2 78 2 79 2 80 2 81 2 82 2 83 2 84 2 85 2 86 2 87 2 88 2 89 2 90 2 91 2 92 2 93 2 94 2 95 2 96 2 97 2 98 2 99 2 100 2
20
0 1 1 2 4 5 6 10 8 3 10 1 11 2 14 5 16 10 18 3 20 1 21 2 24 5 26 10 28 3 30 1 31 2 34 5 36 10 38 3 
20
0 1 1 2 4 5 6 10 8 1 10 1 11 2 14 55 16 10 18 3 20 1 21 2 24 5 26 10 28 3 30 1 31 2 34 5 36 1 38 3 
0
